100100025,110058424,963.2727,670.5/100100026,110052168,582.5455,509.3/100100026,110052457,560.4545,610.5/100100057,123060589,642.7273,575.3/100100509,123060773,385.8182,497.7/224000019,224000205,272.5455,409.0/224000050,224000330,777.9091,27.9/227000019,227000336,272.5455,409.0
100100020,109042146,989.6364,981.5/100100025,110058330,384.7273,465.2/100100056,104011028,304.5455,449.3/100100057,123060257,506.9091,506.2/100100605,103013184,557.6364,602.5/104000006,104010092,575.1818,540.7/227000019,227000334,685.0,584.0/233000373,233001257,375.9091,502.8/234001244,234000964,525.9091,614.2
100100026,110052353,788.0,43.4/100100026,110052169,803.2727,28.3/100100057,123060547,636.9091,573.3/100100224,124031119,452.9091,804.3/100100454,113062430,983.5455,972.1/100100604,103013100,722.8182,217.4/104000006,104011173,575.1818,540.7/104000006,104010094,883.8182,101.9/222000075,222000199,685.0,584.0
100100026,110052167,575.1818,540.7/100100056,104011189,963.2727,670.5/100100057,123060273,684.7273,589.3/100100057,123060595,730.3636,580.9/100100605,103013086,566.0909,583.0/100100605,103013182,492.3636,714.2/104000006,104011173,895.7273,92.2/200000110,200001028,316.4545,449.5/222000073,222000516,685.0,584.0/222000076,222001082,272.5455,409.0/224000047,224000198,777.9091,27.9
100100025,110058512,713.0909,586.1/100100026,110052103,422.4545,873.7/100100026,110052168,711.0,245.4/100100057,123060162,828.7273,614.0/100100537,112007325,40.7273,359.9/100100553,123037399,761.9091,29.7/100100604,103013126,640.1818,393.4/100100604,103013173,520.1818,651.2/200000145,200000905,316.4545,449.5/233000371,233001299,375.9091,502.8
100100026,110052409,523.5455,643.6/100100026,110052103,817.4545,55.7/100100056,104011179,762.4545,615.5/100100056,104011118,263.6364,423.7/100100057,123060234,40.7273,359.9/100100224,124031167,517.3636,675.4/100100537,112007014,269.0,425.5/100100537,112007187,40.7273,359.9/100100605,103013085,718.2727,228.0/100100605,103013125,617.1818,428.0/168000005,167231264,272.5455,409.0
100100026,110052084,383.1818,963.6/100100026,110052353,640.1818,393.4/100100057,123060224,781.4545,621.8/100100057,123060220,130.2727,401.3/100100604,103013171,376.5455,978.8/100100605,103013187,723.2727,216.3/100100605,103013183,395.0909,936.3/100100605,103013186,751.8182,111.7/104000006,104010011,575.1818,540.7/104000006,104010124,595.8182,514.5/168000005,167231264,272.5455,409.0/222000075,222000199,272.5455,409.0/222000076,222000052,685.0,584.0/224000050,224000207,777.9091,27.9
100100026,110052084,788.0,43.4/100100026,110052167,809.0,15.1/100100056,104011080,713.0909,586.1/100100056,104011090,995.0909,670.0/100100604,103013089,554.4545,609.9/100100604,103013171,668.9091,307.9/104000006,104010011,855.9091,76.6/224000019,224000341,777.9091,27.9/224000047,224000209,777.9091,27.9
100100020,109042260,995.0909,946.2/100100025,110058512,724.2727,578.8/100100026,110052501,514.6364,663.6/100100026,110052103,807.5455,18.4/100100057,123060164,752.4545,612.1/100100605,103013179,722.3636,218.5/200000110,200011032,316.4545,449.5/222000073,222000519,685.0,584.0/222000075,222000218,685.0,584.0/224000019,224000003,272.5455,409.0
100100020,109042148,989.6364,981.5/100100025,110058339,681.4545,588.3/100100026,110052501,761.2727,89.0/100100026,110052409,788.0,43.4/100100056,104011210,25.1818,366.8/100100057,123060268,771.1818,618.4/100100224,124031131,477.8182,747.5/100100509,123060766,385.8182,497.7/100100537,112007014,645.0909,576.0/100100553,123037081,769.6364,32.2/100100604,103013167,563.7273,588.5/104000006,104010072,672.7273,585.3/104000006,104010032,860.4545,89.1/200000145,200000845,547.7273,552.5
100100025,110058412,317.9091,442.3/100100026,110052084,807.2727,19.2/100100604,103013169,731.2727,197.5/100100605,103013107,718.2727,228.1/104000006,104010072,829.9091,62.4/222000073,222000515,685.0,584.0/224000019,224000417,272.5455,409.0/224000050,224000322,272.5455,409.0
100100026,110052003,405.7273,911.9/100100026,110052282,670.4545,275.4/100100057,123060307,713.0909,586.1/104000006,104010061,575.1818,540.7/200000110,200010696,316.4545,449.5/224000019,224000417,683.1818,284.0/224000019,224000203,272.5455,409.0/224000047,224000374,272.5455,409.0