100100025,110058513,900.2727,638.1/100100026,110052351,599.7273,505.5/100100056,104011190,963.2727,670.5/100100057,123060309,58.2727,353.2/100100537,112007242,846.0,643.5/100100605,103013107,555.1818,572.3/104000006,104010124,725.0,231.9/222000074,222000499,272.5455,409.0/227000019,227000182,297.0,443.0/236000190,236000092,378.0,992.2
100100025,110058527,236.1818,414.3/100100026,110052504,697.3636,242.2/100100026,110052001,524.7273,678.6/100100057,123060592,414.4545,499.5/100100224,124031057,579.7273,554.1/100100454,113062435,989.6364,981.5/100100537,112007189,678.5455,563.4/100100604,103013157,552.7273,613.7/100100604,103013169,748.2727,120.0/100100605,103013182,599.7273,505.5/100100605,103013084,527.5455,634.7/104000006,104010072,575.1818,540.7/200000145,200000905,314.0909,458.8/222000073,222000517,297.0,443.0/227000019,227000222,272.5455,409.0
100100025,110058004,575.1818,540.7/100100025,110058377,479.7273,497.4/100100026,110052502,640.1818,393.4/100100056,104011153,489.4545,500.5/100100057,123060268,223.2727,409.8/100100509,123060773,304.5455,449.3/104000006,104010032,946.8182,136.3/200000110,200001106,316.4545,449.5/222000088,222000619,931.3636,656.9/224000019,224000005,272.5455,409.0/224000047,224000202,683.1818,284.0/227000019,227000221,685.0,584.0/227000019,227000222,931.3636,656.9
100100026,110052185,533.0909,622.0/100100056,104011080,368.0909,459.5/100100057,123060163,40.7273,359.9/100100057,123060307,40.7273,359.9/100100057,123060164,982.4545,665.8/100100224,124031082,505.0909,685.2/100100537,112007078,636.3636,573.1/100100604,103013172,743.0,169.7/100100604,103013106,513.5455,666.1/100100605,103013180,725.0,231.9/100100605,103013178,535.4545,616.8/222000074,222000483,272.5455,409.0/227000019,227000357,931.3636,656.9
100100020,109042241,989.6364,981.5/100100025,110058190,742.9091,624.0/100100025,110027112,963.2727,670.5/100100026,110052277,409.3636,940.0/100100056,104011214,183.4545,418.5/100100057,123060305,774.9091,619.6/100100057,123060223,239.4545,415.4/100100057,123060372,843.5455,619.0/100100537,112007045,113.5455,372.2/100100604,103013106,762.1818,86.6/100100605,103013134,730.0909,163.6/100100605,103013178,788.0,43.4/104000006,104010061,575.1818,540.7/222000075,222000215,272.5455,409.0/224000050,224000207,297.0,443.0
100100025,110058004,40.7273,359.9/100100026,110052002,749.6364,116.9/100100026,110052504,522.5455,683.2/100100056,104011116,575.1818,540.7/100100057,123060113,959.7273,681.6/100100057,123060222,747.0909,573.7/100100553,123037081,852.0,84.5/100100605,103013176,811.6364,9.2/100100605,103013109,541.0909,604.1/104000006,104010061,769.2727,69.6/104000006,104010092,963.2727,670.5/200000110,200010698,314.0909,458.8/222000074,222000311,375.9091,502.8/222000076,222001082,375.9091,502.8/222000076,222000093,297.0,443.0/224000047,224000199,297.0,443.0/227000019,227000221,272.5455,409.0
100100025,110027273,652.0,578.4/100100026,110052185,724.3636,213.7/100100057,123060219,713.0909,586.1/100100057,123060084,205.9091,403.9/100100057,123060308,977.0,663.9/100100537,112007190,10.9091,337.4/100100537,112007189,649.4545,577.5/100100604,103013100,562.0909,592.1/100100605,103013176,532.7273,660.0/100100605,103013125,537.0909,613.2/222000075,222000196,685.0,584.0/224000019,224000204,272.5455,409.0/224000047,224000199,777.9091,27.9
100100026,110052166,662.1818,323.5/100100056,104011100,304.5455,449.3/100100057,123060133,835.3636,616.3/100100604,103013174,640.1818,393.4/100100605,103013175,723.2727,216.2/168000005,167231265,272.5455,409.0/236000190,236000093,375.9091,502.8
100100020,109042048,999.9091,935.2/100100025,110058325,655.8182,579.6/100100057,123060720,838.2727,617.3/100100537,112007321,40.7273,359.9/100100604,103013170,575.1818,540.7/100100605,103013186,434.5455,846.2/104000006,104010081,575.1818,540.7/200000145,200000845,316.4545,449.5/222000075,222000203,685.0,584.0/224000050,224000322,272.5455,409.0
100100025,110027273,494.4545,502.1/100100026,110052281,566.1818,547.4/100100026,110052002,602.3636,499.4/100100056,104011118,414.0909,499.4/100100057,123060165,963.2727,670.5/100100057,123060594,375.9091,502.8/100100057,123060388,746.2727,586.2/100100224,124031093,167.0,413.2/100100537,112007113,69.3636,357.0/100100537,112007045,742.9091,624.0/100100604,103013126,591.0,525.6/100100604,103013173,525.9091,614.2/100100605,103013110,802.9091,29.1/100100605,103013186,772.9091,61.0/104000006,104010011,788.0,43.4/222000076,222001082,931.3636,656.9/236000190,236000095,378.0,992.2
100100025,110027183,575.1818,540.7/100100026,110052281,887.5455,93.8/100100057,123060165,235.8182,436.5/100100553,123037082,686.5455,15.0/100100605,103013110,473.3636,794.8/104000006,104010011,963.2727,670.5/222000076,222000075,685.0,584.0/227000019,227000333,272.5455,409.0/236000190,236000095,375.9091,502.8
100100025,110058319,617.5455,566.8/100100026,110052166,695.2727,282.3/100100057,123060123,183.2727,396.1/100100057,123060590,565.1818,525.0/100100224,124031016,575.1818,540.7/100100537,112007190,638.0,573.7/100100605,103013183,673.1818,298.1/104000006,104010125,575.1818,540.7/200000110,200010700,316.4545,449.5/222000074,222000497,685.0,584.0/222000074,222000311,272.5455,409.0
