100100026,110052184,766.6364,76.1/100100057,123060717,304.5455,449.3/100100605,103013181,400.5455,960.4/104000006,104010094,742.9091,624.0/200000110,200001029,316.4545,449.5/222000073,222000533,272.5455,409.0/222000074,222000497,375.9091,502.8/222000075,222000203,931.3636,656.9/222000076,222000056,375.9091,502.8/224000047,224000199,272.5455,409.0/227000019,227000337,594.9091,544.2/234001244,234001076,525.9091,614.2
100100025,110058324,40.7273,359.9/100100025,110027257,713.0909,586.1/100100026,110052476,525.9091,614.2/100100026,110052236,798.8182,38.3/100100056,104011153,713.0909,586.1/100100057,123060221,301.8182,459.9/100100224,124031093,65.5455,380.2/100100537,112007340,377.5455,486.5/100100604,103013089,810.2727,12.4/100100605,103013177,543.9091,597.7/104000006,104010094,670.4545,275.4/104000006,104010042,783.1818,74.6/236000190,236000093,183.2727,414.5
100100025,110058155,696.6364,593.4/100100026,110052476,922.5455,112.8/100100026,110052236,388.0,989.3/100100057,123060257,853.3636,622.3/100100537,112007323,336.0,448.5/100100537,112007109,753.1818,588.6/100100604,103013171,570.1818,538.5/224000050,224000207,272.5455,409.0/227000019,227000334,594.9091,544.2
100100020,109042159,999.3636,936.6/100100025,110058327,963.2727,670.5/100100026,110052355,803.2727,28.2/100100057,123060595,772.1818,595.0/100100604,103013168,581.0,513.0/100100605,103013182,572.1818,533.7/104000006,104010124,575.1818,540.7/200000145,200000894,316.4545,449.5/222000075,222000218,183.2727,414.5/222000075,222000199,931.3636,656.9/224000019,224000005,683.1818,284.0
100100020,109042203,999.0,987.3/100100025,110027180,295.4545,457.5/100100025,110058324,963.2727,670.5/100100026,110052355,459.4545,806.8/100100056,104011171,225.7273,433.0/100100056,104011022,988.2727,667.7/100100057,123060720,304.5455,449.3/100100224,124031016,131.8182,401.8/100100454,113062427,989.6364,981.5/100100537,112007350,215.0,429.2/104000006,104010124,965.7273,136.1/104000006,104010109,725.0,231.9/200000110,200001100,316.4545,449.5/222000073,222000515,931.3636,656.9
100100025,110058513,614.1818,565.7/100100025,110058330,750.4545,611.5/100100025,110058155,568.4545,526.1/100100026,110052351,795.2727,42.4/100100026,110052184,540.6364,641.7/100100057,123060127,304.5455,449.3/100100057,123060162,963.2727,670.5/100100537,112007008,963.2727,670.5/100100604,103013167,805.9091,22.2/100100605,103013029,802.9091,29.1/100100605,103013180,382.6364,964.9/222000076,222000052,272.5455,409.0/227000019,227000333,56.0909,371.3
100100025,110058330,29.1818,368.2/100100026,110052502,373.1818,986.5/100100057,123060163,40.7273,359.9/100100224,124031119,40.9091,372.3/100100509,123060767,385.8182,497.7/100100537,112007325,963.2727,670.5/100100537,112007109,787.2727,623.8/100100604,103013167,515.6364,699.0/100100605,103013029,502.9091,727.9/100100605,103013180,747.5455,121.9/104000006,104010092,575.1818,540.7/200000110,200010701,316.4545,449.5/222000074,222000497,272.5455,409.0
100100026,110052277,640.1818,393.4/100100026,110052502,776.0,53.5/100100026,110052476,681.1818,315.7/100100056,104011116,743.7273,609.2/100100056,104011107,272.5455,409.0/100100057,123060273,770.1818,618.1/100100537,112007242,290.6364,432.9/100100537,112007323,670.1818,584.5/100100537,112007109,388.0909,490.2/100100604,103013113,764.5455,80.9/100100605,103013081,806.8182,20.1/104000006,104010073,725.0,231.9/200000110,200001027,316.4545,449.5/222000075,222000218,931.3636,656.9
100100026,110052504,590.2727,491.3/100100026,110052476,503.9091,725.5/100100057,123060234,682.1818,588.5/100100057,123060305,304.5455,449.3/100100604,103013169,560.4545,610.5/100100605,103013081,579.7273,551.4/100100605,103013082,698.5455,274.7/100100605,103013110,370.6364,992.4/100100605,103013175,785.3636,32.3/104000006,104010073,856.7273,623.5/200000110,200001027,316.4545,449.5/200000145,200000905,316.4545,449.5/227000019,227000333,931.3636,656.9
100100026,110052185,467.0909,772.0/100100026,110052351,640.1818,393.4/100100056,104011028,697.5455,593.7/100100057,123060167,998.6364,671.2/100100224,124031167,564.6364,551.0/100100604,103013106,687.5455,300.7/100100604,103013063,517.3636,675.4/100100605,103013082,549.7273,620.8/100100605,103013110,788.0,43.4/104000006,104010073,989.6364,981.5/222000074,222000311,685.0,584.0/222000075,222000198,685.0,584.0/224000019,224000214,683.1818,284.0/227000019,227000221,375.9091,502.8
100100025,110058513,304.5455,449.3/100100026,110052166,519.2727,653.2/100100057,123060220,40.7273,359.9/100100537,112007014,296.2727,434.8/100100605,103013185,517.3636,675.4/100100605,103013086,640.1818,393.4/104000006,104010107,939.8182,132.5/200000110,200000803,316.4545,449.5/224000050,224000206,777.9091,27.9
100100025,110058330,990.5455,668.5/100100056,104011190,941.3636,652.0/100100537,112007325,657.4545,580.2/100100604,103013174,560.4545,610.5/100100604,103013088,525.9091,614.2/104000006,104010094,925.8182,124.9/200000110,200010699,316.4545,449.5/222000073,222000510,931.3636,656.9